100 500
28 27 1000
6 5 1000
14 73 473
15 22 627
29 76 759
44 96 732
39 38 1000
21 5 231
98 97 1000
29 0 136
52 88 634
17 87 53
69 72 754
50 81 625
55 8 380
4 3 1000
29 90 778
63 44 984
21 50 123
1 0 1000
90 89 1000
6 79 991
57 70 826
80 67 251
68 38 169
84 79 951
93 6 129
99 2 234
37 36 1000
4 97 847
14 13 1000
29 35 341
40 87 541
67 66 1000
21 20 1000
49 80 753
75 92 841
21 84 463
40 36 601
32 65 772
4 53 135
48 99 100
31 64 212
37 53 674
83 26 798
42 32 550
6 52 245
87 75 805
29 28 1000
55 54 1000
41 40 716
81 80 1000
67 48 529
69 63 884
30 43 501
16 41 798
26 77 500
81 89 45
26 25 1000
11 8 371
56 21 484
43 89 233
84 85 58
55 4 856
30 29 1000
73 27 983
58 77 708
68 77 853
91 90 1000
71 70 1000
12 1 949
52 43 871
15 14 1000
45 7 483
48 33 524
7 53 970
9 59 550
53 7 104
22 56 195
20 2 310
47 22 916
56 55 1000
60 56 38
21 23 5
11 55 132
84 48 659
38 59 384
82 81 1000
2 3 382
13 43 484
52 51 1000
48 25 259
48 14 969
48 75 228
93 68 910
79 28 927
72 71 1000
83 31 12
81 59 231
35 9 385
33 31 901
64 19 386
54 53 1000
60 94 147
7 69 562
28 40 452
86 85 1000
20 34 737
5 89 823
18 56 356
34 23 884
2 60 698
45 96 940
20 52 923
59 91 5
81 0 127
33 32 1000
83 46 676
23 50 946
69 38 542
66 65 1000
61 64 751
97 40 700
91 25 752
26 39 903
83 17 566
67 42 526
88 92 909
91 97 700
8 75 794
48 99 823
51 50 1000
26 67 872
90 54 260
20 60 774
34 45 926
56 23 416
35 34 1000
68 56 384
55 86 485
52 35 799
41 40 1000
65 67 279
19 96 770
44 87 787
97 85 62
38 84 452
11 19 943
48 58 630
16 15 1000
18 58 201
99 29 417
74 73 1000
38 31 635
30 28 58
56 94 630
18 52 280
44 43 1000
65 64 1000
64 27 911
50 98 727
37 34 812
3 2 1000
72 91 879
74 79 490
54 67 700
17 16 1000
98 91 656
30 15 730
86 74 76
63 25 229
8 7 1000
34 99 651
72 61 233
2 1 1000
81 74 389
37 67 820
7 35 306
48 35 475
66 41 192
94 59 226
5 4 1000
56 94 392
94 28 75
57 39 13
60 59 1000
57 56 1000
40 33 161
56 66 187
25 17 471
53 52 1000
25 24 1000
50 55 585
83 48 848
40 39 1000
33 2 760
21 94 464
44 81 823
27 97 986
54 48 315
4 51 93
38 1 564
38 33 55
14 58 555
79 55 878
58 57 1000
3 14 77
55 39 130
82 74 144
12 91 379
34 23 283
86 47 494
45 44 1000
42 15 211
89 48 878
6 28 840
34 76 594
14 54 814
93 36 146
19 18 1000
70 69 1000
49 48 1000
68 1 837
84 89 753
84 77 567
15 87 775
42 41 1000
73 78 424
72 85 903
73 72 1000
98 86 809
43 48 359
86 99 950
51 42 17
4 64 621
81 40 929
96 95 1000
33 76 889
8 26 979
22 63 251
30 41 802
90 64 466
93 92 1000
39 36 408
46 35 797
95 78 545
85 66 151
8 55 462
19 34 539
30 3 335
94 93 1000
52 5 398
91 7 345
1 8 550
58 70 430
38 37 1000
12 7 958
29 91 586
75 74 1000
68 11 844
24 44 307
83 60 922
74 99 371
20 19 1000
54 10 758
92 62 594
23 22 1000
56 60 937
63 1 209
17 68 734
62 44 190
22 26 606
67 82 875
18 17 1000
95 94 1000
31 35 651
8 35 897
79 15 905
46 39 699
39 14 168
25 4 853
42 65 85
6 68 507
92 35 466
75 99 118
35 35 686
77 14 550
75 77 769
28 43 321
99 98 1000
35 69 251
24 67 438
41 77 295
8 1 852
9 8 1000
25 94 199
50 18 865
97 96 1000
24 15 697
38 53 48
20 20 508
61 48 7
87 13 603
16 18 577
69 39 932
41 79 828
62 14 851
0 79 836
63 62 1000
33 95 627
13 12 1000
88 46 951
16 85 905
62 61 1000
71 80 271
48 47 1000
60 96 857
4 78 287
61 93 214
12 11 1000
41 85 179
97 87 333
79 78 1000
28 75 906
24 23 1000
81 4 192
27 43 306
3 19 210
6 81 385
69 92 610
43 46 460
68 67 1000
44 51 271
69 68 1000
45 34 186
89 67 151
5 6 593
11 41 491
53 84 966
77 78 755
35 72 3
22 15 86
28 80 578
80 79 1000
13 26 829
76 75 1000
30 90 184
45 43 477
19 89 475
58 1 891
91 90 322
94 50 265
39 71 580
43 94 782
27 26 1000
41 60 484
52 47 846
11 10 1000
10 43 541
81 59 895
95 31 0
58 17 15
68 83 477
88 7 78
53 18 783
89 2 223
30 17 300
1 89 711
31 44 600
83 82 1000
43 22 555
79 58 805
30 27 606
53 25 781
94 1 587
21 53 12
5 81 102
35 9 298
18 41 813
87 86 1000
36 17 162
84 83 1000
26 65 459
84 68 217
90 68 492
44 8 713
91 98 703
62 60 956
30 89 939
92 21 572
28 90 131
90 31 86
92 42 98
66 79 921
55 23 39
72 46 82
0 77 721
96 10 870
37 31 344
31 30 1000
77 49 653
86 0 768
88 87 1000
18 9 703
71 32 466
64 4 73
81 34 524
68 73 122
44 38 180
13 29 660
66 35 443
30 71 284
23 91 341
90 97 569
50 49 1000
66 87 909
24 63 287
43 91 828
88 27 404
25 85 56
92 91 1000
50 58 319
60 21 566
7 6 1000
32 31 1000
38 58 350
59 58 1000
58 94 212
96 52 622
61 99 22
71 49 53
53 91 135
83 30 261
49 73 44
67 12 969
99 77 875
30 39 941
89 88 1000
15 89 273
62 7 838
47 46 1000
1 39 752
91 3 85
75 63 830
77 76 1000
73 18 877
64 63 1000
61 60 1000
36 84 45
52 74 181
46 45 1000
10 9 1000
85 84 1000
60 2 201
36 35 1000
38 6 365
4 36 250
97 85 620
16 89 680
98 70 947
65 81 694
78 81 811
78 77 1000
97 78 743
87 58 880
52 50 421
89 33 103
31 63 830
92 84 783
34 33 1000
1 92 330
64 46 922
23 99 538
66 99 413
57 16 529
42 20 758
93 16 94
75 62 944
99 18 416
21 58 972
17 4 954
46 76 925
65 19 978
30 54 154
23 97 85
32 19 185
29 13 793
27 8 374
14 55 678
63 68 838
36 89 280
26 98 914
59 45 801
57 69 701
39 47 437
45 79 679
27 10 237
43 42 1000
22 21 1000
49 56 441
